-31   -107   -30   
26   -150   -17   
-5   -142   -70   
25   -147   3   
18   -70   -48   
-24   -96   -33   
10   -92   -56   
39   -82   -26   
-42   -64   6   
13   -78   -35   
12   -102   -20   
-28   -139   -1   
16   -137   -53   
-32   -58   -28   
-10   -110   19   
-44   -131   -3   
17   -85   -41   
38   -105   -42   
-18   -138   -21   
41   -144   -2   
-34   -103   -22   
-7   -100   -10   
-8   -120   -50   
-1   -108   -71   
-20   -77   -19   
28   -111   -39   
20   -125   -59   
44   -71   -27   
-12   -59   -44   
29   -69   -13   
-37   -67   -24   
-21   -74   -78   
48   -68   -61   
-36   -65   -46   
3   -127   -12   
11   -115   -55   
30   -141   -34   
-35   -98   -36   
-2   -53   -38   
36   -146   -57   
8   -57   -16   
-13   -86   -74   
49   -114   -52   
-47   -124   -25   
-9   -116   13   
32   -73   -7   
-17   -143   8   
43   -72   -72   
5   -122   2   
15   -75   -54   
44   27   26   
48   12   9   
-4   17   0   
60   69   -9   
63   -3   62   
22   42   87   
40   64   45   
-30   51   46   
49   5   27   
64   36   2   
58   50   18   
68   10   17   
61   19   15   
34   72   39   
20   11   49   
-6   61   47   
25   52   36   
4   3   6   
54   0   35   
43   -11   -6   
16   13   32   
51   65   65   
28   -17   12   
-18   55   51   
59   -8   29   
31   -7   -8   
2   14   41   
-26   4   86   
-22   48   88   
41   28   84   
10   54   22   
33   37   82   
67   66   57   
17   -20   43   
47   73   19   
-11   41   7   
38   23   53   
21   40   79   
-1   -6   -4   
-12   8   63   
36   -9   40   
-16   74   38   
53   45   54   
15   9   42   
27   56   21   
-2   76   4   
65   7   60   
30   -15   73   
-5   77   -2   
57   -2   -1   
226   96   69   
218   80   -14   
232   79   57   
243   115   49   
196   60   67   
191   142   2   
173   130   16   
244   98   75   
183   140   -8   
158   63   15   
236   70   60   
222   122   8   
152   58   37   
200   127   62   
229   143   76   
190   53   -16   
240   82   -3   
164   55   -17   
201   100   33   
208   84   66   
238   66   52   
171   99   7   
176   114   12   
179   78   61   
249   102   11   
168   52   25   
165   75   35   
198   139   77   
234   117   72   
216   57   41   
202   90   44   
157   61   13   
233   131   65   
178   54   70   
207   69   5   
231   51   32   
203   144   31   
163   77   23   
194   124   18   
211   95   45   
187   123   -20   
154   119   -13   
206   137   54   
217   94   -15   
204   92   -18   
248   126   78   
227   93   56   
195   85   50   
242   106   -1   
210   141   24   
390   -36   -32   
399   1   36   
365   12   47   
449   38   -22   
402   -39   -29   
392   3   34   
357   -31   7   
414   36   -23   
376   -9   -47   
353   27   2   
416   -4   29   
448   -22   -45   
367   -42   -4   
417   -35   27   
360   -5   12   
355   -13   40   
439   22   6   
420   -43   -19   
364   17   -40   
433   10   -14   
430   35   42   
356   -14   32   
373   41   25   
389   20   13   
437   -8   -10   
446   -12   -30   
411   -24   21   
419   -7   14   
443   -21   -13   
434   24   -2   
369   -27   -28   
371   42   19   
444   -11   45   
352   -23   5   
383   -10   -9   
359   -38   43   
381   -30   35   
372   -20   28   
428   26   33   
397   11   24   
387   -34   22   
406   44   -11   
391   30   20   
351   13   -31   
427   -40   -35   
438   -28   16   
401   7   -42   
445   -32   10   
378   -6   -26   
363   -46   -17   
325   12   -559   
373   64   -646   
386   61   -612   
306   15   -593   
301   55   -635   
388   56   -578   
319   -3   -599   
347   75   -572   
374   13   -597   
385   17   -579   
338   35   -551   
358   60   -560   
305   -2   -600   
363   49   -632   
318   81   -636   
389   73   -645   
371   -8   -561   
375   74   -584   
366   33   -627   
391   63   -567   
395   88   -576   
323   43   -639   
324   24   -588   
357   80   -590   
329   48   -614   
311   54   -629   
336   86   -555   
356   21   -618   
377   27   -608   
372   28   -570   
346   9   -582   
348   18   -622   
314   -1   -586   
392   53   -626   
330   85   -552   
367   0   -556   
396   83   -607   
341   58   -569   
332   70   -562   
327   39   -640   
307   67   -638   
378   32   -648   
333   16   -642   
364   68   -580   
350   45   -585   
302   -4   -575   
337   47   -573   
340   31   -595   
334   -9   -621   
308   50   -637   
